geneCov <- structure(list(cov1 = c(1, 1, 1, 1, 1, 1, 1, 1, 1, 1, 1, 1, 1, 
2, 2, 2, 2, 2, 2, 2, 2, 2, 2, 2, 2, 2), cov2 = c(1, 1, 1, 1, 
2, 2, 2, 2, 2, 2, 2, 2, 2, 2, 2, 2, 2, 2, 2, 1, 1, 1, 1, 1, 1, 
1), cov3 = c(1, 1, 1, 1, 1, 1, 1, 1, 2, 2, 2, 2, 2, 2, 2, 2, 
2, 3, 3, 3, 3, 3, 3, 3, 3, 3)), .Names = c("cov1", "cov2", "cov3"
), row.names = c("A", "B", "C", "D", "E", "F", "G", "H", "I", 
"J", "K", "L", "M", "N", "O", "P", "Q", "R", "S", "T", "U", "V", 
"W", "X", "Y", "Z"), class = "data.frame")
